-97.741325 
-91.10172  
-88.25255 
-96.93087  
-93.69694  
-89.865974
-90.10469  
-82.961754 
-85.29986  
-87.745125 
-96.072655 
-88.83332
-84.03446 
-86.39254  
-98.31209  
-83.413475 
-88.8921  
-86.888596
-95.24906  
-88.14797  
-83.14247  
-89.58265  
-92.53126  
-90.952095
-94.68171  
-93.42343  
-93.76095  
-85.14779  
-88.51896  
-92.64677 
-97.08956   
-86.98942   
-87.65337   
-95.850136  
-98.4615    
-88.81337
-95.98875   
-89.09417   
-98.13323   
-83.167564  
-91.85379   
-93.698654
-102.92817   
-93.074776 
-100.16277   
-95.5714    
-90.23167   
-97.07235
-96.20809   
-83.77914   
-96.0505    
-92.211494  
-93.78979   
-90.9434
-96.144554  
-97.016075  
-98.64943   
-97.48215   
-90.1076    
-85.13476
-92.012215  
-91.80216   
-91.63088   
-93.66039  
-97.05636   
-86.51224
-90.02935   
-93.22284   
-98.677666  
-90.50365   
-98.07963   
-90.957634
-87.03965   
-92.229904  
-99.45977   
-96.511894  
-96.352104  
-91.688095
-96.6854    
-95.19752
-90.80944   
-89.25379   
-95.31858   
-86.24811   
-92.76621   
-89.44073
-96.69048   
-92.44606   
-97.67629   
-93.46587   
-91.119606  
-90.934135
-93.27325   
-93.92444   
-85.65842   
-93.46601   
-96.41329   
-95.59072
-90.53567   
-89.308235  
-89.49014   
-94.11628   
-94.278336  
-96.47375
-87.08681   
-92.183846  
-99.87755   
-96.52371   
-97.129326 
-100.767784
-90.53171   
-82.50776   
-93.12658   
-91.83924   
-95.18654   
-89.24665
-93.642975  
-92.53321   
-94.30504   
-99.575554  
-93.053764  
-86.56663
-89.25765   
-95.39199   
-96.44676   
-91.65743   
-91.248     
-96.073784
-87.2042    
-91.57316
-90.13418  
-86.70075  
-95.6253   
-95.50475  
-92.378296 
-99.04747
-90.36219  
-88.46557  
-92.24157  
-98.30729  
-93.4253   
-94.57279
-82.381096 
-96.122826 
-88.34131  
-88.83527  
-88.78076  
-87.18749
-84.77015  
-90.61031  
-88.868004 
-96.82989  
-97.65948  
-88.00425
-94.78539  
-96.468864 
-92.43759  
-85.45869  
-91.98277  
-96.124
-86.580734 
-87.02335  
-92.88314  
-86.94976  
-94.37695  
-97.50673
-96.40844  
-99.46169  
-91.30999  
-95.52057  
-90.48948  
-96.984856
-97.57699  
-92.225945 
-89.023735 
-89.27094  
-95.33724  
-97.009026
-92.41584  
-98.401726
 